287.236357979747,12.049689075522
226.024485429072,532.504091914941
708.269817596330,886.029996279217
424.621337866699,506.965556752131
906.577817995145,996.457516277014
158.319167078097,635.951901385094
182.205174094689,870.592867509303
323.670694912668,691.122349992732
648.352586165382,11.490903652764
159.698063325416,639.207673947140
479.525080356099,302.277138427283
688.097766862329,734.423603806670
456.841967306828,738.027465648417
988.754672617878,516.553930110116
230.827362745090,576.409065139733
487.083019063172,246.504089625750
128.574329368645,696.677155538660
347.411874276975,194.157922031555
29.561122681180,901.300618068904
635.290026697406,461.581374054990
422.464146016292,786.749429917867
284.159882018635,946.739434712055
664.545379398726,987.600720352714
710.369893060284,475.316043213414
637.255624763009,696.769634710644
635.107313539442,76.086479664312
238.333670555941,528.470602799646
191.072813408250,752.641078911103
352.608373002741,350.065153281566
481.959200288987,460.037256052659
342.115487474953,51.568782824629
367.617549250007,970.250252823358
28.128195286418,15.929305998910
693.394608615450,559.210107036797
682.569976890123,436.891984630733
29.454861331408,264.892880827589
74.241250390695,623.065634536942
818.695950854746,89.274275016284
343.318136737256,818.340498072753
882.298041954169,432.003609337087
690.660152504526,532.002562111368
254.739932014119,827.590722157357
509.732916724041,633.907868026950
427.491574994812,532.880024481343
33.626436254545,207.495491290247
765.481244823919,693.563774987418
379.130126875608,624.239935735685
78.224913513004,813.227664248868
766.565598651218,307.707702043281
83.959180271139,537.753359147510
230.927167467971,524.749635986035
651.864689678852,313.576872047034
726.708719543045,526.858015122467
517.196562741158,150.592919980019
93.296690239970,235.841367173708
565.415388114378,745.235709009931
190.416704306070,443.747012247187
866.415474380930,968.365714517438
650.036330383168,506.365051568470
902.224949715377,5.008100308870
307.218558597718,913.833704562255
577.047361532657,783.475162452747
419.051452577743,320.304332213314
617.664189653972,415.868761600159
351.182156253114,859.580894651084
288.620857529607,365.821395323344
345.310564344888,832.135749301928
260.766484364734,528.031126323732
881.546810819241,194.752321929783
444.463293405335,375.299427439990
578.777077464767,841.222769574806
838.367741876396,833.580926150277
831.828876403255,613.928903522252
388.106863416319,196.284895489751
729.341132962833,602.695647711096
146.519685973435,918.408363598618
366.478711186809,423.521458891328
474.307340955345,550.963679002702
679.630377647262,349.857257159965
3.700432081169,299.558311539732
741.562854090024,695.402926915281
764.707772773508,81.172391512398
208.569694632314,998.132235978615
956.072507859925,109.315446284044
775.430959716821,596.292398643871
375.566471628339,694.914607224576
250.759386028618,556.328145255394
213.752037254261,170.105717699507
769.661438905070,344.607440447050
679.333135555799,678.178216112095
237.100606858015,317.356626039878
511.517673357314,401.958734869821
217.720747526250,895.770204328048
38.082928611256,255.596850804087
719.551966913699,824.467397874505
393.416828902136,858.368037394377
63.503532719038,472.594847972442
220.478016151913,981.425160573896
782.871517780534,555.630887293076
510.607408174859,258.239063600480
108.573136288489,236.765223147154
633.516965380760,37.975838151522
721.884549397972,641.691308578428
687.991775130455,192.354051398496
257.051154614110,436.174563068037
740.775090894014,691.127589148129
434.149751975934,609.189130065809
667.225880497830,231.608268845482
323.951322674257,944.335327814740
66.931045828773,519.176598402842
920.711464134042,564.164255360645
568.983981234177,730.453806681184
101.966530598942,954.416825323994
129.922098951367,310.081650618693
119.819589639659,218.102927870445
837.067315846216,1.496422642669
699.854207590612,928.675483252038
220.955919231947,813.151478100453
344.174996388238,689.986308458529
383.143596047039,194.119517546347
636.509941284095,293.594213451165
866.145730288306,637.905331953501
884.917117204229,688.468319410787
944.770328354144,596.764813206876
891.606464156449,63.841817965521
479.549923386980,966.435974701001
231.762738713680,37.681676176793
988.570740125774,721.593694317036
935.241637874921,327.453651258340
371.529395756804,479.042072231125
787.280932710141,601.425188848851
341.325070940800,481.889307553176
895.983818304873,45.437245967553
406.400141197077,739.174354995663
690.258191333549,804.718820699843
332.805516715987,234.268493654171
494.229496177224,228.594652737418
352.316224314686,485.053610031295
366.074569323918,348.985154784497
257.843596774961,659.348291844233
234.532647715600,859.092747022233
11.608518756594,209.710487774522
389.067806286296,907.696191407928
310.814357979546,646.041947504674
484.506594198144,237.931863518857
803.658290105156,176.202649634832
744.661322769140,286.229706261256
127.164707158287,32.543754617009
13.487012778711,976.780174572551
797.078040380085,914.996831519376
879.408302464738,391.603573331037
113.962656749467,30.327759289223
525.538917005084,885.685877693506
684.433008395617,825.400211308907
435.370236764897,169.418003931396
330.531815474531,286.072921357855
165.346699858111,903.303369620606
252.125337357183,64.258927564569
385.748837896566,329.402855484698
683.938797856511,468.319215208850
358.107083590299,958.665202931120
78.857079707615,689.488206853519
272.707787045096,360.885569375055
663.806171405987,67.756825381289
530.492874174965,804.106671422298
576.834303555436,135.225483944384
841.983464111705,185.870644091883
904.546403592837,340.176796949649
961.596178825015,245.239793558111
796.791666823595,805.053859588505
569.741538378000,228.122468211100
570.242938262068,17.375686348915
327.569291492555,98.602307846136
339.286359858597,78.319960807113
646.027372072845,877.996803173641
142.083931377497,598.269474795100
793.091638005120,706.136906257942
737.359085905061,131.749163708609
384.247872494990,420.694216271955
725.175631892991,565.926236964915
635.783638396067,207.748016857446
232.376492892930,16.881249498413
675.806495493220,255.478759095907
573.314950161034,69.643119696008
168.021041189408,498.998912002839
939.757395412200,639.866288074336
291.783176756208,533.970563920652
159.982858522896,581.290414069874
649.708533226367,370.746382538985
422.527987716212,56.236513121332
583.685129277060,447.930929523342
213.015384112298,15.487868390390
73.704824859883,903.487055545046
576.909752329166,55.877467296671
46.836855528426,458.551751537892
812.872160476961,709.100076810647
284.575569022381,191.553943055500
827.988649537237,300.596299004748
502.283316914674,376.711439191359
571.606446731403,625.517466363412
622.063930237037,914.419175870528
402.102887080377,57.915694789603
410.668570180205,679.828473926597
351.312682282421,417.065807094259
816.556616184250,779.331487161328
469.747713466064,985.503796950167
291.555436943549,349.150179564775
419.873997181140,880.983516863680
363.533945664545,651.944253268746
955.669410708183,240.231301395248
216.253060610182,229.873266493352
454.153101067954,580.488504548932
899.312303181961,925.222726409865
875.307594673703,298.059122403222
714.892210135604,222.999287858571
865.017838292688,443.855111096488
37.478598951257,200.533201385035
272.685571042495,742.353979826353
924.779359100877,885.461075505219
552.918534494716,690.865148254659
385.743165908982,559.485555247636
47.066687091689,201.920240418848
390.253777655956,516.836321563915
982.098343613664,881.766937069484
427.580346338617,97.957186953885
908.231114715355,490.730544336129
180.150016320684,862.196370572049
565.972920675382,52.346232786778
938.874326945716,754.673891927155
854.287784474869,464.115007672441
803.798937748694,955.171543563642
213.251225034766,840.680008489043
693.286587531588,685.749333965560
9.602306410037,450.510679908614
415.772961098881,239.654660189564
321.125244673819,739.498985888387
708.691133979651,745.141844262719
619.041662840328,122.558716799182
988.226398721126,697.316131098605
741.436850330528,59.503228258498
292.309634341021,990.306008603342
245.404713797425,738.393371362663
878.272371525097,844.894217964727
204.295419969933,663.837174437505
181.661255142079,805.259252314904
766.620937142790,540.643739154073
687.111743008542,202.270316675358
132.829801092995,932.282267816996
450.394062251310,601.963079815805
393.914104423983,628.618390707445
337.969354423142,98.243679254010
968.539046229823,442.082714511362
803.668689020697,193.423094747589
495.343615075450,301.609890473741
364.217470110681,558.870062754716
872.677291165310,23.590491131605
258.638944429555,279.725414976218
736.910590500898,767.456304894507
11.203405989871,251.309154152941
574.565079647474,480.873186146287
492.025340055411,615.399814677230
477.437744687090,603.865923500646
372.200115215411,314.290213718164
121.531527321450,208.933110921198
102.499565649757,85.959613295179
460.549853228584,814.558609954126
716.004175583103,316.279255968073
587.675400366188,140.629000554521
601.653728667641,445.894245697652
201.729242680520,80.181096605414
338.052201623762,986.902816750991
543.079187385848,943.762575346654
188.616232767742,218.687317447495
759.692505471418,678.312985247257
913.944771071084,216.037056626684
187.189076313592,769.032887872039
560.639996690005,212.625684269271
948.741756924029,567.835178484609
173.402763220429,223.917265556471
479.529029862499,433.616733223265
672.126610484518,281.234023509705
376.432905741512,553.500731738320
612.810478421063,372.210580720520
597.679535466559,877.206070222627
796.518618398316,48.449273006397
258.191576391423,802.315786919017
238.099146756489,158.767882740060
470.788028073476,202.170679357718
898.784245817718,271.153788873923
671.158190956550,743.039210455528
121.051248670244,179.855290430109
76.146778845817,227.430297598592
970.193603728029,550.508642919780
763.950138097077,12.301540132314
86.232483372175,250.748732163509
113.923974031626,314.403432746398
477.733077567183,969.529471979973
760.801370080254,900.618470583261
924.268777539932,444.317307886202
726.974968381876,794.149195119513
280.366622916483,61.177105345958
299.276720790555,193.790775329918
391.915495162463,697.010519210759
12.726646067375,463.732813591237
530.726966539214,615.962949376622
48.870961685935,874.430478988574
253.511129815670,927.549767058890
111.042331461051,300.802008846500
267.901307838846,588.827529567323
393.382961122239,97.544877391619
162.918366931151,509.543491989618
146.665219102606,520.588283492802
371.255988073825,625.084153380595
362.036491582075,64.482711817232
972.589472843942,648.440595920115
82.789636501168,581.119720561640
153.568578404902,225.284647862242
934.178084439841,387.897913503173
604.373956031581,651.312521303307
418.005269008012,342.692061858240
949.131190874448,530.976113966441
202.085757868792,142.344206945876
732.079824729032,321.621118555123
115.551920615788,817.609836594864
320.602131235703,331.393715676361
293.373173806262,577.176363918158
836.009422990019,384.424377456370
855.495551820629,167.757431951711
123.055529453687,393.277873006137
81.518047944585,18.232278244643
656.233852146343,395.176666601735
430.066571443772,571.841228507221
394.946482300029,605.435226329259
374.509636987467,643.616364773410
798.344977445844,988.348316069797
507.513457807433,305.360110596498
997.478227008942,258.208436823300
49.076380023706,809.058417865110
757.571856392302,300.214281642011
259.392791416892,65.902704770622
724.615030158294,465.704665255400
584.406437481879,998.028496883327
610.097576608019,281.575853370078
542.493481849936,48.432246799094
797.513484694717,102.313154908162
983.160299131959,632.357411675701
941.228588990762,260.281902071702
990.970246056517,85.150934688606
699.392165866115,163.612314740047
227.167887671599,316.361873830499
