312.207824769250,336.265774896201
161.770298063807,632.983510769105
221.214439024358,107.750349541212
987.600089847301,598.892869793278
682.285865050615,217.348558876780
547.514457694024,452.127842242502
742.856999978948,582.815699797511
818.400378391910,200.803359916224
785.872085825865,335.757521176144
958.802320396268,410.940628842369
627.951563478896,159.736648952873
56.021435803841,485.368060869294
171.669414198780,215.464115565768
289.279066065803,336.717725972945
962.281827152386,910.563777293373
547.954656643460,900.760591346352
288.883832070939,49.581556886659
818.111838811837,249.987384070963
20.936187672132,256.919872118005
828.354249544834,716.948562098039
676.323488977571,928.943415456505
454.064647305162,972.767611578029
283.340462235458,996.479602360110
459.865763236787,116.778688572805
835.081535786614,240.745868551345
953.948672493297,100.333376058690
113.417599022123,18.911106729300
778.965160954919,967.591520691998
357.873203567608,173.165792137963
301.796267920552,368.695736557411
66.523873674908,392.208387511630
746.752878260938,727.226807797136
883.445795568806,719.976175752246
840.093192350907,725.611836399711
447.933737228210,743.146665528069
178.638669000204,701.891476752569
983.659432176771,733.326029621953
138.907173157831,374.854863148604
93.839114419775,671.873364306442
375.567629029524,806.131336529580
327.653865830974,59.502670163418
262.721790384066,433.784532879289
743.487561039024,654.616177119353
109.100425544402,432.436392862995
429.070204088139,98.543537197880
103.687331678105,538.484770572938
323.275609929424,633.060331148223
849.613979393548,643.868616298929
161.525557422386,637.904776652389
380.578179648207,138.842594083226
450.521940996070,341.224099969168
624.936755510710,496.143364393576
793.152335094215,562.895337837336
676.107099659340,240.584879191978
81.822487297253,877.833436846117
133.480253807244,319.865613601182
14.938041359911,960.676755481578
480.636446497492,44.136178256088
81.883072161972,463.577326485907
13.909479578298,956.465919256423
759.868318692923,290.358136267050
610.298317843594,345.784966583194
485.847079673827,334.386274347162
178.469765028383,430.005549090252
809.813469751087,930.890509305807
733.949709139192,221.896144597418
497.537577871190,496.686955520624
516.729045538148,885.193770313706
827.920562403155,641.469579056295
129.881898177656,781.576796567061
491.180128223604,904.178276208481
2.509281626421,974.772137299321
589.730323214062,227.825967685273
114.147827667824,178.964112937575
625.026131515725,855.469502028464
531.523581723893,968.911872602457
329.044348663004,952.985895849081
759.589326101025,806.980443152583
424.224520157720,97.094944956654
566.905447029586,742.155967133222
536.628177533546,632.304962845387
644.033513953670,982.785160750922
536.322655983994,389.213428356776
196.348819844554,466.624293256983
835.155053462892,249.400444532580
313.557654670438,601.326056540902
184.716057828846,338.364860131380
572.294559338425,915.252190868476
371.326840770427,696.679146706421
417.235808396956,671.641550190151
681.238876119649,219.929538375080
540.264036826538,103.855832154400
89.100246674579,539.643810420743
699.723287146176,210.435577847669
891.271379865810,133.738016434365
633.027251267263,91.450853744004
782.406277195668,369.719277811612
235.706558922996,547.515923595827
557.527278774808,660.308712009390
36.532629886360,614.033140176650
347.737473046732,63.878397756886
483.919343598006,884.067055044218
986.626997873749,41.347554093295
100.773500269486,216.493325780754
438.053812159969,574.338021097311
90.353841612488,880.284830485295
520.372411058625,508.127261113951
661.267128201100,451.265457054417
635.739973335041,244.934853153874
534.102549332504,615.559768405844
160.468038259389,888.033247019843
765.138759312421,998.433003359024
108.458533082012,607.587738981994
620.163829995803,609.450138352259
692.764132305733,661.368269837601
4.206135374232,439.426718140197
117.603277196521,104.059511014348
418.622012965702,749.589190798475
572.266596842430,524.436256401879
571.272615768179,758.906473836989
157.086395349812,535.395400217325
267.506334847146,664.064077922452
475.478198821532,711.667240137883
400.445642483582,301.157112615341
660.433807263670,833.404289173915
841.215210960425,440.052551340994
65.127753779891,290.418704135132
92.494123903750,633.194638580197
926.617710091286,571.589567673074
39.574597550443,788.657570034446
920.472015500576,988.332407216807
727.823687109008,433.612301524579
170.279020773721,541.542864088182
87.450123669027,575.254332193383
729.686911863945,876.529946764519
247.884580530225,722.249047418079
611.753827949240,638.652523243736
446.593892269658,482.819681387975
568.328183892244,952.874828874591
73.208812444339,544.541928745974
429.915055498092,11.625366615615
608.706388764765,326.964251466227
506.140002812520,94.035840257875
582.229923481081,112.454997233730
465.402655490616,927.560479131662
292.394258738031,46.297370602808
241.028009013698,312.165730849484
930.985253221573,379.762367576028
427.583424825536,81.125370197482
726.370641981506,426.373550828010
77.527922840279,789.583722183810
156.823200550681,855.819536142625
31.173375780709,726.596244874415
976.293445813711,401.291754671532
479.656724903872,545.554798905598
607.684823544334,23.966990873482
719.425776424017,329.085231397703
718.620830325674,386.989478835327
573.750613569312,34.885151604216
515.984267537652,781.090702038926
218.208700275843,354.078743757768
716.006450105771,502.791904979552
863.222258293589,643.613336577912
887.376912304759,508.020879390729
989.452116611889,308.502392416936
114.252874572901,762.484199506397
206.718027591088,120.229666821605
778.089785446105,206.871898618842
409.105302089337,581.531993802324
751.877160600957,266.920771105103
306.072077169780,386.531223170109
479.106976337324,71.018345833713
627.729457236763,623.617755415033
554.126546079833,383.238308763497
513.102619146310,919.219115795003
862.185086900019,593.683018462283
549.198224030722,662.631893257479
437.120065773133,724.733754234533
412.039890816505,157.308041518571
223.100543116432,865.471381465450
871.630835416544,665.795092118294
261.384556854141,255.886100983319
668.950564493825,652.826033716047
741.494644254187,575.924894724129
464.941892239245,440.404235526007
279.583693284869,764.240746610350
823.315721994655,952.598297302715
522.165842030778,802.170290344260
810.069231431559,614.591735609593
338.956680265951,745.558108220828
929.958620907598,797.586820995915
727.178094501850,841.473882325591
414.387953978194,354.901492553649
421.017187547771,823.407300344836
589.708095337098,569.091443757299
60.957406339967,38.298003600441
991.196528814938,652.582310078927
89.082992526065,145.706698369932
728.359595988597,401.517627182339
87.643410598354,194.356079312522
869.452961219059,979.635707280652
408.040562149239,5.375040489717
260.759098743529,954.650005224906
49.127766913403,481.046950225198
723.871591166894,82.616255195854
252.131758826646,678.353911055628
462.638586812845,371.446918524094
713.818259181967,196.340201385031
793.675442944396,538.625322988738
58.483050475939,446.689535843074
516.877005694066,124.781606475491
859.676478154191,980.763726168977
924.137626127486,251.382079973694
77.809984605870,194.687121895822
360.187607100006,20.626801832201
4.112511839579,995.259193008280
882.735752176735,158.795335802583
302.411873336339,270.445303118933
163.052707657908,881.323199792585
808.077051090083,787.426498901265
975.460258055416,510.321278857725
118.062146836176,431.211889416928
595.830635850498,273.562238528613
512.311288053344,563.154546808485
162.442683192920,228.196151197143
777.980711734851,896.236853538376
890.074457771957,578.387881700108
778.721157921013,206.224545579102
194.463014008549,523.195595439683
12.968172015944,389.713876196296
527.234127201303,100.280519541900
732.089332601657,289.471244488382
977.560455988295,480.027124249759
937.269922567565,882.333779597056
622.107535693414,325.474615837149
958.139730918469,991.615904089089
945.114318417334,87.222928447269
413.078936264016,743.367532645456
748.277208451568,896.933713127443
979.635259780133,214.676471811884
694.923584476138,448.270222693730
592.882553422724,718.944940376223
761.602619526290,945.086206909719
912.446320939072,661.567467871596
289.303119800763,443.772597775026
144.082793260277,900.117890728759
395.149761156913,202.602148321748
815.252329588981,640.623187704390
87.658454252630,614.413056941218
865.358659763495,105.414262955581
422.856985347870,692.638231224556
145.099109080763,321.329851829589
484.206015643396,866.935682325303
497.399646662904,151.710318530851
626.980898299261,307.143374785274
315.436848581504,621.135082141519
740.258342114681,806.256325845913
822.217300073523,492.816193845535
605.106988656859,288.678385793489
608.678848390747,561.154338233197
204.915773035605,283.685425763616
467.012840588268,84.140496445173
947.560311782301,696.478898839003
430.921504886745,661.460532709908
556.355593195642,67.102480204151
66.801243669972,941.882401451361
876.333855389953,960.852941930623
96.006081665229,706.904990839827
102.567326122430,503.767925962743
510.930346155891,527.137001427937
846.851625979212,463.847556496107
422.590593551016,217.738152316198
145.847042635126,893.668557024342
478.519057978868,85.791301178883
988.475682587117,795.425007689838
601.696526434477,519.112503848830
314.397291605043,470.552348269822
406.807484248643,316.370568192815
542.478037726933,762.123182770242
388.799655919505,276.308061897773
814.127941461888,515.011492679452
807.691751280773,57.584153017379
635.466933058836,707.115458808843
495.446575352197,573.132669602427
835.011140835080,36.720596635222
603.345137204926,586.206983991678
169.965401839652,859.799428106817
50.291533223502,956.155065884873
208.161235623420,547.003251448431
254.566661769027,670.222434542670
52.253524975091,902.548227396335
127.881518937497,215.953541202083
240.635041159598,261.267527785070
514.471200762785,346.606433879151
52.501798588870,685.111049912660
400.770475706146,828.441105390841
87.331262455532,186.844162611194
247.859470675413,648.048656711849
35.701827012463,315.637678758390
604.972006248817,752.402263111358
