280.196239305851,708.132699898351
984.383925272119,981.451179632415
798.036334568532,477.964807631606
141.186988997947,465.563882802913
719.562120192899,521.568595777794
232.689647795504,727.822035874004
858.153042731768,956.703418864475
406.740898173793,815.785981641031
190.840641198413,638.723531471215
993.464227216449,775.189637495076
262.803131170350,7.555447884727
243.389856215820,722.007985501006
576.878262681579,691.090938576245
237.933175286767,338.094765861451
104.836753058723,700.996536250990
863.928615045071,739.512816494951
961.066626222306,255.872865026248
122.340672287825,488.734331600541
731.306769212663,332.135895752410
303.011291666503,286.203042727484
682.235536143415,923.970972231115
258.319006238681,659.172068142283
857.552285625338,70.444600575715
140.306049534971,417.930275185382
167.421380482532,189.126560310443
407.686389237356,881.563635162366
390.529306426201,389.331896552126
677.624218618925,84.177827115401
83.730781547726,54.101108399460
754.463313596409,717.832129986278
327.743570127213,902.030793629216
226.216057327795,28.742743651031
993.688164904513,146.879061719134
363.624476043948,622.654756417542
852.247222388960,903.075659144609
126.863116255852,203.117725031564
809.393587138938,391.026935384982
877.149752445321,688.486296265654
201.591473056708,668.980217107545
165.643936827299,194.142994792606
574.622935969748,980.484802262122
977.492814026425,457.723636693907
420.827799367761,643.024816352213
381.296902268602,412.041944382881
559.073832418620,951.073792256263
427.442312219180,155.777720828020
279.725493905810,207.816553121862
898.831744202646,578.668423780015
944.286094608602,571.762752469315
262.568941715718,546.160041960256
993.014546005760,153.959898050795
625.593391974323,255.204240810704
628.438458245993,409.249864081846
979.716280191435,365.108614774093
347.394259939437,758.179247076922
779.126972904990,944.136420819065
739.669435157264,183.241496354861
399.544398324852,753.394237418194
133.432350064146,15.132769045331
296.187917144757,936.342760398820
635.881321333189,685.280627929226
369.379472646613,747.765354005432
110.511771167267,873.940517841752
751.976559500006,429.576929042116
260.333625401695,894.881362825475
264.488108692115,935.798605588756
856.167046139656,341.167781027709
6.898064267542,930.653022270610
171.591652019663,868.225988138236
809.127104305299,214.658686110984
492.578726135282,396.526797552960
203.516945785732,406.336677614141
637.427374623924,963.298485001103
162.832359752881,308.309224231243
920.297865621270,902.681140405517
571.527754160988,641.477491340441
477.923897888551,749.016292811229
36.218291505567,596.913400142916
269.386966254676,17.110642175892
56.699247284197,432.770199611830
660.417924953375,996.190968949283
127.586019816318,490.781940771882
666.930082654920,710.401023450171
820.307195331877,85.714018863746
909.298735469146,910.646207959953
304.283530053444,779.891582489351
938.499700792119,150.187461925436
617.190184624763,899.373373731426
755.883426224755,939.409392745503
40.539639404101,397.951605211462
669.582733948065,222.107118274616
348.347926385787,48.019037113516
776.727864881837,773.297870961474
723.532629081697,15.059352883218
699.025923944403,198.757659024930
432.006590966454,322.765704974361
832.075090629891,118.278087489736
455.664914515406,459.060011777208
680.757566261472,876.692978747222
969.918473098204,688.998313227587
503.484794340291,891.116414533978
953.457297365907,268.552303048521
859.829673507384,665.043326404181
748.509240730182,67.418508702668
667.355214667014,423.392170589783
716.797394699850,825.941000784684
436.617816755666,788.115211512885
279.172053110736,792.278294170714
612.086766472563,432.199778011431
10.447041171832,568.565385477059
137.624373805213,244.263247541794
198.829646538144,760.906034910226
271.001454528492,432.547579512442
849.275962833641,45.872914265275
473.645938215394,254.465805350078
775.794969258214,598.465159647342
224.174319214248,113.070678552310
938.934404006777,585.185947762494
517.545103945160,374.947531611912
561.237121638218,349.141803481964
934.002638159448,55.413347325748
576.053059850595,13.077393807494
62.963651748476,312.085347695684
967.462690368351,676.634659930135
608.179578441510,371.327048921032
983.797783178729,488.912913877025
0.473010609482,227.131681573435
956.425838856160,711.208720675533
636.244993735794,833.360072071407
201.187471357871,734.150710213778
551.436648633988,755.771427927645
762.402140670373,381.565211891561
220.384575389324,131.122892320520
483.515257614472,247.806629525446
113.852195600340,694.183566232720
185.495914095815,249.934874937510
868.733909841779,76.769836239546
81.032433513260,529.395157963548
899.748794768879,906.521901850718
588.995267523224,621.237988401554
336.477785601136,250.496535353195
189.439252112844,439.842749034821
365.764594655259,634.519458510924
298.449911428052,908.498469266966
465.441041582203,635.278462930098
808.345344647726,71.282932727330
390.860630501763,628.262188676404
668.566977153982,277.512652967738
440.726369542788,165.240776578449
152.420512797187,313.016936208010
227.033732278043,694.736380247671
431.031138788554,569.284109028777
326.869114299485,324.519296293150
773.536331694470,132.983996453851
825.300946054654,786.200296489909
479.324832023020,662.066796028496
956.035454025347,676.162117775930
768.805323613693,368.478195425930
9.523700685457,795.798107172830
171.941440730314,384.925248349191
98.885991044409,317.279853158214
744.644977824333,112.170179218845
770.261436052243,539.476916010305
153.671837170548,943.454810473742
241.930620354034,887.492890143423
322.381620541070,932.460673375013
206.376654544460,796.169768926527
794.060521331753,1.088357816073
116.915426523986,24.703657519622
378.181958259514,258.676751704133
227.078162886262,224.175893847967
862.867199693894,447.772731803527
527.578992009263,469.235803839063
815.341179396716,563.781926936154
412.524111523529,456.046129078044
982.371566661933,237.447031165702
660.050801301973,526.084683934602
337.890537521157,681.838892591766
273.348734680688,895.694616321586
285.700251680252,785.198111627532
35.002475669727,893.319621172380
792.507428406166,510.271272653813
625.883291518252,988.730340883115
547.899293239008,139.129052855736
272.785621168886,974.778824661392
144.138743397980,592.504878817363
679.777111716950,792.787676188125
354.583364155456,621.868634444819
669.250989147510,831.586220061857
853.307875685403,182.786321039208
314.604596103950,376.944501978452
330.389299830649,922.951776528258
377.638024638572,826.050458433688
716.365798610283,912.496430286965
152.055163781036,720.578118432371
650.942845362265,643.117007279847
645.052396964957,679.174916415564
472.217482566190,91.579532029234
308.781036927005,173.368739211163
919.767279017622,45.964888194738
848.482008903347,712.233702918657
216.717284423577,169.406964265892
359.111334824738,301.219123102161
890.621106896827,772.570964110727
922.017091601052,213.296407918831
226.219299261834,383.318887495047
337.291745971116,386.556211952980
11.742101386738,338.677580571952
960.327333246378,12.456313611687
177.353505019455,356.100306862235
739.243163904776,959.531180929040
875.419192967748,259.588894898652
282.845757862534,924.747391219125
832.444834091823,346.345570646198
570.360108892178,533.372774008088
214.022043747032,683.287791703795
479.169656212276,646.716958497913
989.808491636106,615.664576193838
520.467941709173,642.992569306506
996.369752624284,284.020893293513
882.005370328463,974.040552880716
842.478869304900,977.172387589667
933.059552236550,740.760118020257
260.091363941087,417.067994072601
269.209152086522,520.703455970231
381.169592329132,314.215828282035
607.350902708477,702.767874853620
430.148271022094,806.279263157883
47.035531788923,616.950450540915
216.668026071729,2.348815670366
663.042956477249,192.334530177895
472.356675716627,245.550974988053
104.503067847490,62.975551956081
166.667569118285,495.186391286265
495.099646267650,196.644562040937
912.192000946015,236.586538425181
653.458745665713,113.616523945759
452.638789347575,68.641006312643
401.736308951199,209.858431166633
864.138452741503,621.666128818541
595.443593536566,650.667231608830
378.934344467321,993.485675809211
602.225866462798,607.670324015298
781.670731629132,362.748988077927
914.484080209557,538.440325762049
473.663902963067,751.547558308088
152.142212876487,800.732612272814
992.957839634090,485.183806605225
969.265005459804,544.870484232218
875.508224150564,726.656694930185
699.217481174794,776.862196295368
432.388473520242,748.655782248919
954.730427959918,321.524077299286
713.913355137682,82.473321388115
302.656370669726,214.263971794142
576.957827202796,303.436837418671
557.815722195821,178.965065447784
738.817140849765,301.244871611459
522.734523920524,222.296657561721
514.862532515872,809.639285645674
359.582453219488,48.781904426086
97.827497019460,43.963652603431
830.514530126709,566.099184739550
916.620702170093,109.093904889080
743.562927856364,631.345191346435
252.313678963400,2.713325099175
651.369254217671,424.098037698397
131.547492314567,826.392715538313
187.298666908900,173.111533747799
792.407992487043,777.252463779532
143.757230346441,196.552375537086
76.721905022430,34.607975324257
41.337860887469,583.525557856382
834.946222526211,738.163851093985
237.810907295129,577.475267489174
491.413546543107,827.190551454116
51.950668870876,770.984460451819
820.429869380177,864.415220869325
710.474910861529,889.774725556640
436.790701898855,404.735639268768
988.246503881010,375.888902969866
324.980689118612,566.462310921438
101.820222143691,821.869633614291
55.843807900211,580.157761851515
266.634632707574,371.717978109918
805.747751983705,413.539272503967
816.777385047101,664.260819825868
693.742567044323,329.767614740800
511.588441303558,130.140744398645
494.778740432574,178.113517129703
274.588094585185,925.336045322450
487.786883129662,804.523629215759
361.104088628118,352.737034291332
685.133738095830,786.741157444697
276.413971906087,380.578212942991
700.077350161990,856.849439960132
449.827833698175,901.428829528670
815.258783887566,616.168752583466
93.243728483723,594.452540773463
341.009439884211,759.561187585054
405.537652865013,420.696179267207
7.711572946051,597.209296938855
118.721061082087,415.402062564071
898.127074542090,118.072954602347
329.985461578932,730.236297447502
52.439555969887,357.515090928213
945.576504264007,647.829323948477
880.795372232198,384.161272297042
462.439646289555,798.065287758964
322.900402397682,539.474447074040
172.933594083923,311.224177417957
581.043750480074,465.795408442022
74.052721588632,991.786691893738
844.575334031058,439.317464218017
559.829207939207,104.885367400981
562.309195045455,271.644020337136
655.523394548536,316.230696806681
271.252880436508,169.965363888255
786.948047272208,519.303239419841
444.797652195653,648.987287187333
557.034733906208,905.948774292447
120.666530704740,991.544035086678
939.013147334274,137.822969971965
241.468771878980,14.253686639659
995.830132191225,178.587418549271
51.026700207394,195.833829402327
316.559565450156,802.328173044198
364.033167650667,920.267952935708
76.711741731512,120.801784127665
42.013301220435,470.733149189617
626.394820234301,603.512088658874
800.803777893816,538.619979758038
614.951055010273,479.435546491899
171.606464473099,740.055160115350
210.617104267785,885.968832364659
857.520679329592,338.203954823879
384.076970603319,233.955410696269
505.667685572728,969.659950977487
698.357482268092,399.329388761081
676.517219682127,123.995709882841
164.147269712443,583.689256898911
468.020697671060,64.644852291357
764.344402119433,764.141595210287
926.507894115905,506.620013475642
678.611453890610,317.730318542548
684.905122141416,803.877040093398
49.693106984758,374.299218611381
731.021398923465,643.575912309762
999.501878604384,935.957418214330
941.360441689140,755.545975676170
