177.591496365851,883.388492917830
22.718906338683,948.337506329222
164.890770636797,340.542597191609
754.981842598930,214.996086600978
814.715476581086,657.096056425008
987.819811437866,330.024790867501
17.211337476028,138.281580703931
466.487329460067,678.387907358046
208.426906576566,976.033701099225
849.236230980869,867.408023779483
49.335799008106,287.725676281131
254.250764587000,745.197525248184
682.917282461839,499.298249570196
593.231350973277,443.223723021926
538.969312353436,701.467615530189
190.859010372934,39.177460863467
958.535631740329,680.339854329520
742.344799779290,844.123275619382
327.302563022574,934.941610430334
490.785803432448,390.924706429322
151.915701245532,334.881974071136
239.574301948644,792.045407869258
245.923267014334,712.827098152609
956.428955760138,996.859437168288
59.044475034171,334.513933299784
637.975324806494,20.522816169249
335.416861755472,826.333992853172
665.944679993320,840.083443964216
748.633359259865,207.298334715435
593.599683015778,332.067554134422
132.539421917917,659.115062816053
780.305705802419,198.198142513915
436.558339000711,696.525807231052
844.567226634823,130.559447956357
709.417483433810,850.593315419604
260.236728966525,721.938096024823
63.126508642527,299.227698296160
853.380213608752,209.097819051786
863.406012437411,953.161140265297
902.321329732155,809.594495314093
581.208615771353,156.714189703705
458.868456409462,144.704643427060
173.470442202373,398.586872244736
712.311847638540,776.923577906588
536.749837138682,51.347575541655
841.862697412130,465.160817781801
292.948292319953,995.667711156161
795.460793063009,565.921010149543
3.807001698729,692.550596327177
684.784043215933,958.818917962335
507.480936487214,36.972310787589
674.739695001826,231.044790953704
428.600390709211,891.194908732674
495.229206748231,200.004325388209
722.460873488305,301.427289772983
545.242010245644,707.352806844140
576.843465441708,165.370693289932
793.954434372141,194.525426361079
499.017445090140,197.323640120057
180.574668468798,856.408522960956
360.003060167804,794.987988508656
827.320454195760,801.321479183358
459.510057135041,140.872684377599
719.632214094396,589.341513482629
583.958739057048,720.097570628928
704.786189970450,724.287958967475
523.677949543347,891.615507764748
450.419245214947,805.843924548369
697.591403522299,391.197340881696
363.460411690121,912.016132776476
219.084957048686,914.081016352599
362.207980905487,224.348907048016
909.981339302873,436.557823047980
212.032984267655,908.336863372025
834.772307107374,200.652759693510
613.570227665503,422.861899006012
990.167770989914,200.725630799060
450.463793402647,582.453897257897
783.293453260567,685.506952829996
878.978967393661,57.716094424237
354.500645710187,103.540230900135
94.457040458700,297.259820818445
105.452018076093,675.746076636758
194.110793614538,297.107606846463
302.620681455615,641.890324073189
929.814344365472,536.135601698469
308.091610456597,834.992688540015
634.429671326972,180.025188821656
462.432058105680,983.852840643700
379.294258284663,220.450257848402
12.100877593500,305.820227277141
527.547831584222,576.976787068688
274.717779630166,411.461875211464
896.223859259524,83.390871143271
243.957219585567,244.426799435349
441.538454461842,894.251710037784
971.314076807659,535.083067206964
998.427040565951,142.962402137038
729.651215432084,57.344872953308
111.527916090052,98.474623282142
421.237688422538,581.514640235120
925.018118788434,822.766584375745
697.710272652036,854.995096297697
110.854871118863,533.122608412407
590.577818183272,649.061024888580
617.527476615672,252.527272451127
365.228042697402,241.726272338784
44.183051025047,514.473394726046
330.764493858212,157.262200655075
387.055895875121,326.269392358147
242.340118020481,926.006605757720
877.913801606295,992.239614805635
311.477140939619,223.042383415814
857.544244818670,501.814576186573
746.212186108375,691.645150273617
832.790873530438,33.801586840006
674.188272382869,654.085440572764
724.550950272614,999.532835768263
90.593869994284,563.316432798705
286.843140764016,427.303960518731
371.933043785876,108.781239862204
1.172026443244,435.329953801965
870.228321991742,98.571052426188
212.405322161575,832.739343449889
89.232082841982,828.601399285042
521.439374997139,280.747373214796
669.398785856307,587.991109421046
695.185195561154,252.597610824812
225.670037777016,545.687466511268
888.616606554076,266.011864489519
430.056746222964,63.114199584293
258.200133383653,438.960148790784
143.054096669716,488.247442887041
527.828111729642,242.865652431747
407.068852491286,395.624268169014
735.164508436392,671.901185008568
295.287881609956,155.042618571051
199.463518682963,659.447288411911
617.367903565179,316.142962490613
718.708535537910,267.490581059372
173.575265822852,948.675283772047
54.173081477173,555.808190863604
29.397800125820,701.819079690233
561.697017828231,51.412427959448
737.724639579357,980.809363305650
849.436757080920,693.432046387779
145.858568683868,852.497313711662
174.463117329480,302.067391301975
225.444034881042,478.258580546310
853.246961830968,434.245914063219
690.652185505176,995.995515065051
73.126452092617,501.048025493042
63.967702748552,290.400654404270
191.777500996767,791.256308225289
760.311744908067,915.512394492183
617.424658831286,565.614974044244
134.230020670184,698.727066008195
997.293948763316,333.449563327597
254.240414565896,842.883973224058
658.715255095804,3.947088220388
243.316664036798,402.758162183151
516.631477852200,381.504411192825
672.609745502199,891.292274554445
64.643805717563,834.476835693042
912.800704097037,222.264672916162
493.808978635880,126.087337319312
354.911047923727,895.554021763438
243.407404429452,830.852359025108
41.035609910127,408.782913355819
515.724222704451,466.500139569870
470.625261052059,318.804309543058
277.128518475856,337.177844749063
660.235189210838,215.452076823924
666.281454867344,424.480129101283
804.452142986945,71.831924128588
99.129306762222,201.159865791270
367.149924712066,520.006495332660
314.942986357059,166.297719019914
648.197442252438,300.100407893976
655.918914692275,911.004657039644
712.380601599618,231.955579539472
966.739562126303,22.228620393098
521.443622992438,168.877580465408
669.190022906178,951.117977228141
928.783883849869,235.283232745461
118.660371909234,992.143910463418
316.799741213756,765.272145899154
913.645387403257,552.107711284981
938.579386152446,651.861710843452
314.129385477610,278.189302390296
455.435147679064,759.174156912655
689.240728822088,943.564215968679
883.948586616038,383.897197165204
671.116113102099,300.318376269709
495.426902326009,135.070221287805
845.444582601188,452.425152786177
496.607661781459,338.289627424498
930.605760441627,485.967350909768
766.181685814120,133.411606715437
238.177328030785,896.967796974187
389.376987468082,232.287109437333
268.784727879619,184.639696824610
82.194533687193,12.910299395524
828.865374998189,250.934944067725
773.399432158815,985.049608137998
61.525040491765,404.183807333520
682.757346661186,162.898476208300
535.082652768398,786.805198214827
240.521550650821,939.246777064011
481.797069360919,719.760074911196
419.852745795942,994.701266497808
432.440885796143,739.780057425204
759.662154831395,808.137045961922
918.634836579684,243.290768844187
917.907016799939,915.515501617273
178.261843062579,289.220635583134
180.020090063144,119.001186860783
884.121931134109,389.163932983321
915.054229165260,278.361791954202
851.602215583730,841.728154821195
329.002637982496,968.487479827692
633.654835354585,309.480824594389
140.466769509271,947.049422652060
542.223773846064,896.660765517838
778.379444941628,533.832645285220
685.695663007139,724.735776368771
472.508299695730,673.026027853930
420.925656927874,909.582327164971
669.161657380319,595.114601492844
538.214858143751,113.529536317602
606.116303259551,119.323183507477
833.019243848511,824.658825185391
151.221758558910,270.153285281706
423.799782560755,989.679223590828
974.508831905629,333.263455731515
409.209354341856,567.399220778383
199.482787282304,191.677217574059
353.132863168520,412.628364708903
394.956867944223,450.288418601265
847.536114577090,142.528231638920
663.136452420704,659.168215027775
953.147744120735,302.168366464558
956.486512196528,303.707031805781
939.009328213041,205.450393197518
533.933747340510,897.377393128001
851.480236302104,350.904290328755
639.271532178037,229.352177750611
135.796858287823,281.166266296660
953.194732373698,855.908931006924
743.746779090569,316.535726850720
884.676930730418,140.524458193473
406.831293278585,38.217123586024
958.591473146115,913.097533845410
401.677269849198,51.227631199953
21.465857854322,446.337959225824
305.121240780041,226.335186995035
815.302242427800,395.930374356340
38.661807785196,85.449322074060
167.585932150919,579.614873407384
722.905476429579,735.001170747039
824.365472297188,41.951948945877
924.222360653396,394.784402361874
347.495751520413,961.338174286843
291.209455014106,838.610907651267
125.826826359141,296.557079228543
641.040809763709,621.258764113724
606.920739691591,550.828885653151
163.342418376175,130.588460751437
291.957985313437,564.708927986086
868.451926307287,472.776468688973
575.694936733820,738.949981681443
230.840764477588,442.430044297466
124.399426364126,791.703651350541
815.337693456151,740.867593116234
319.640228172105,464.301017945309
91.695521742261,150.376935321466
60.079590067397,598.184947022812
462.160298165246,701.922851614643
656.918105119599,624.592984308335
666.841057292870,607.546485115231
263.170608957179,667.506764838800
947.237834805965,185.719117901655
374.274180235581,943.349175904093
525.255922287058,566.657279120924
545.121774399963,655.815350685640
400.973152928617,536.049116751695
226.960029268564,797.732777411215
693.661247212798,859.514441056876
0.374381215747,129.458534514386
173.967246940636,480.061785516527
198.658390511047,971.745388145335
215.221825466989,694.230344006771
271.095700419486,352.574163893104
590.090657290736,533.777801791621
927.385247753964,684.153771564361
297.836855740767,695.196347451033
284.426530627701,541.170875207414
954.577476846081,333.995891378994
37.254390946802,915.346617203228
425.024537463930,866.075422881098
353.097800967363,459.510168660925
79.033639617031,916.955286107655
771.070426419063,19.134575496426
710.202630544581,176.101872378306
286.674276606238,905.272196116070
699.498962027902,366.564868075189
154.085008439068,461.800787610599
359.945156115245,634.374283009640
996.680990864906,175.240923522532
550.291434037643,905.148442664853
805.408446473292,801.041846307159
239.682571695646,996.551532829813
121.412416979154,70.331105643155
118.714170458854,322.267144925791
205.438433850928,920.173724972674
375.819810705846,914.332125610924
411.456182501951,188.500786248633
854.635900530095,927.538867091780
950.720588385566,279.667339327467
102.518062648307,588.221037609031
201.351075172663,993.760948000075
478.942652610147,906.046903333104
11.682604074008,102.620586600407
923.894460585445,120.702025505253
593.525190244717,247.666691549744
711.067984789177,136.704785152011
430.479273791353,662.761820446341
487.448438627011,795.585553506807
312.274187792333,167.842001400687
458.333652776992,917.056094097828
444.541063035033,16.842765385121
308.535724919157,326.401121656279
99.607704607398,501.755659087835
408.647381933093,726.692161558189
101.721034654876,423.594007526420
619.012840966385,247.491811746335
560.121628573467,408.567665373458
322.120173136004,686.798453529849
918.147555080869,976.677834789499
635.539317082655,712.363293434392
805.538468424231,680.593230659932
880.950010669791,118.194147847682
592.763139934915,327.331188620275
53.138930362858,560.547299122866
665.530863085394,171.917283851373
120.833842114880,742.406803281190
195.669764582839,926.879172863175
737.628694955904,678.572237292078
311.844850392949,663.224944367723
398.386382000606,123.473499129174
156.669697861024,197.549867697613
467.944380206156,957.413412197956
799.627813585705,544.627790637915
908.424951125027,769.787863156729
242.397762234028,779.941246665032
998.100507213945,820.120526613917
550.366073259186,360.008845543917
636.355201099506,203.812352240311
642.664219642561,411.457840721875
178.142303147726,164.258554616426
200.399298379909,349.880702275593
392.107854494460,664.502337392533
759.762659908885,19.629481035036
323.219822074688,623.406646928886
439.391078984678,318.980233359125
829.012892543031,527.984038186418
729.909445117499,917.055929020893
87.490916531093,309.097849366337
86.162103787464,919.781291232097
150.273373177476,36.346548832972
272.909323630188,573.493833720385
318.954098118109,821.058858833332
882.015789034610,976.443355227871
698.663855977841,117.919077520996
594.076377704713,302.036519354115
674.378661269034,90.566892837620
489.874478404851,374.710068791102
489.771778665606,903.439832598782
249.752573191313,452.044963842573
214.252504884387,121.361540687084
978.370779077784,572.134363931592
721.631892514283,871.786959313715
760.097441054012,840.624786645629
215.970008848645,537.856812559584
470.214953600594,834.008590428575
487.479927343276,750.235070485830
331.299024147493,435.287208189196
530.721237508119,768.241482040432
890.600046665596,116.186561334600
485.678727976320,475.432076465774
974.775273993904,406.569405590751
377.071614011865,690.720298017799
271.612326264233,777.796388320077
248.143432571980,963.626366908263
516.426066965010,400.280189294899
590.254462736875,447.896309933260
782.197636714463,477.291476278712
416.353530623376,195.357641352897
31.037293946314,791.541509013771
668.706017334678,350.076735209665
