986.469519367828,81.372003053636
445.388857191634,71.465603742945
656.737016653945,572.269261123614
211.468448859043,984.318241881718
51.479732549699,454.410805720242
975.851954188479,266.097187378494
459.905825243427,143.887626921904
976.994777381167,761.553980271152
521.529565210955,58.245191610185
577.479401164622,815.493511181010
653.583186898684,761.641901550236
657.181146250497,882.378769464508
8.286187593715,3.201159803625
287.852513807202,191.055054482876
87.008652067231,796.626403624726
612.676902543007,876.340929949403
378.213062805198,664.589183692483
226.467476949383,985.758209609824
241.156923156381,715.046404565138
174.445557939977,229.156451221682
906.582109296946,652.368988770235
608.767265366295,537.390003161766
184.357547281862,688.953368994943
488.873760608431,462.601449857722
809.691951939819,921.348639447362
956.093848884925,155.353243302897
802.244392192651,663.545458581637
50.161728270734,189.890841137919
726.993857932911,902.062338923329
977.355263961920,703.356467023991
676.753529292702,427.269538601875
529.921177128238,537.754601066224
246.294306877352,990.765302460450
619.897932964091,678.506803030478
355.685375859625,339.870351528058
365.378706715715,333.928797267654
648.582766043305,682.065975821978
439.257648858612,254.730101903868
264.062410435868,345.460450475983
666.172874989910,516.237490665493
118.397196900709,770.964293358981
983.039135223287,879.051939780545
934.853693109371,464.817370679698
717.252618211448,220.299469032858
963.586409908248,422.314736489548
208.121887009906,765.091405282498
74.719181876068,108.946882575041
887.557014732589,146.838111696375
138.111820846623,238.259674412667
951.708595723703,825.523262542868
266.343436995390,147.712198720346
438.040633712069,621.122450845658
5.557410920957,262.762022589916
679.364085036267,174.894817028689
883.667469910074,976.583742333906
552.840372778195,102.051916119363
281.992415118595,609.603789355044
977.168635756494,791.447870345124
706.995043450726,895.705492307139
496.546001937606,657.023706394465
650.736548554432,343.732680542487
627.531955839751,731.409651258310
311.998520022187,455.322572660422
503.619932046380,33.810391564053
174.514412949560,947.944148483775
843.705270553636,791.763133762109
551.377226059899,618.611111694740
149.741148144509,423.217976705483
538.505171893415,193.590779618100
658.934752703278,358.966829177248
932.264633688853,778.693947468032
686.593048463425,352.901564772130
102.497961679375,286.144520276706
688.077575555103,538.829335029354
399.576832566406,346.082156520590
790.411956935583,417.326990236532
700.188717720856,98.854494411902
529.931253573322,432.417666526249
901.816300018176,347.770610204033
711.457339111512,898.961851602435
387.408298342704,488.699660554884
945.018756334647,521.021977386570
212.634797726767,166.501294037390
144.787056398510,570.851575289184
476.346684638437,548.368314062387
80.608569264082,386.403070849329
685.426472818643,436.493310795773
60.425366873032,730.682418677477
331.979139720011,65.391965350492
716.325547079489,675.917558276759
240.629884659084,200.777873807074
144.904128075591,552.063164261435
828.167418311076,176.861667024723
708.327825724191,406.840188340926
612.695532022200,491.591055470272
424.877129582326,496.624911739021
576.947627124634,166.043942453605
571.441597738269,92.800727417355
187.459341946883,336.434342660556
679.843839585669,339.565340576133
489.602185049386,922.513404135310
644.789722309509,480.749024310102
625.317175189492,30.055760930199
126.531960284023,953.801148894857
457.014378872465,137.595280217896
625.561464139443,56.125817744567
118.463005554002,148.177034645533
558.029722438702,104.361347087463
225.883339993594,977.337895959216
914.770209293860,419.456874077914
110.620864436296,653.184978492203
270.558337512457,364.954723490072
605.415700684876,464.228594573109
35.060057018998,193.030352040733
669.503423212262,742.290138359263
5.578680699776,268.947445308107
922.394404387576,7.056681781027
668.713657439789,799.873126990537
304.096871812863,308.629919820238
224.741506796850,345.054167735220
678.474652376661,298.026880479788
225.224282324000,688.250169427142
784.047681158855,625.099651287479
976.693670533664,929.190041094909
107.915365241094,139.194184204654
538.240929589168,282.704219176080
590.467630610165,433.456368781376
398.993413893187,51.067708204985
727.997554331900,614.604052816900
836.666909751184,391.644731970063
641.397485605133,562.366750550523
369.881524689346,926.682098244754
135.753175764498,561.845634799426
357.933460141104,998.485225179449
648.910038166979,555.291722878040
944.323899554874,384.382175736011
502.781017818128,461.213630841215
832.213974115557,968.756736140093
695.264453677229,563.196691485334
836.058213352251,793.832441353506
514.863675481557,989.255469470550
619.954208366218,567.199219711460
114.063315960851,448.586378783446
791.671924215686,215.136949612872
182.465961424848,255.245747298728
581.394763414308,833.399300078641
60.962356552521,445.235256945932
429.304675733525,367.427938251060
525.973302405897,794.511908492650
630.279192490986,479.315072460457
511.270548297156,596.430191783579
564.016156903319,449.372423456391
940.885332344135,324.845947224637
367.900208691890,592.118742680340
862.912026812719,67.741385449238
112.098685539450,462.430713042987
731.098966223324,148.977636123856
367.537414992178,762.060902665525
123.038151439264,733.162712188867
434.172760068424,386.191937217471
716.044688582722,387.873301207471
21.930322414615,353.220093871881
158.312912548214,50.068079357538
310.135843350611,433.797705506422
840.710339804122,393.092976595121
580.274502443405,54.335769801829
182.728275192781,445.284611456841
450.819176568275,159.306070798930
75.482195406290,8.296735753706
422.190436351954,824.409422808597
691.371850158401,856.881889801341
338.787908774774,24.840881854040
36.036797681743,13.058826494086
136.568954541893,643.040483526984
493.348142741344,592.896223376136
327.329688492365,746.067030863357
33.925811540468,544.332870566574
787.951856594064,786.666207394230
567.310622194924,797.947378590017
199.315376919135,571.986522053647
865.611349243475,664.016762309588
483.182459720865,194.204632983209
910.071855479606,941.264703586478
914.103621880886,333.983795360809
416.096491401100,526.651595147218
796.058774828032,754.999871607864
940.706604315660,58.351141898203
834.866956726724,958.599129316541
40.204466172151,268.962205607476
70.532168417864,934.342169981257
642.315348750351,570.704075905133
726.483321541113,760.731820303998
166.145359295941,910.753968739143
497.490366333629,626.800848491158
557.283865035289,334.183144269067
510.201925440226,36.094809534894
623.869769918945,92.508588275357
93.826046799267,27.382586080483
217.124923402906,293.138563859468
102.627988519757,156.295240975313
712.695613559496,132.902654736245
798.226758844956,991.678227267478
945.528611463949,605.007811645424
740.760641190739,498.486234733168
878.040744837484,472.630264541855
445.048691837613,730.917851447806
752.688992898751,722.577594289589
762.978191184687,342.096755550272
87.847688531577,706.895393327401
95.259309935834,347.674907491631
808.137177976904,499.097247098626
694.523323201773,916.418863836472
359.066063465025,433.414781035454
832.788077699933,941.797603828344
712.617233447820,120.226723376466
434.279416997479,368.615803698098
217.942599982969,193.229446232255
402.198260570233,738.331650517179
162.973768054169,1.405801226480
395.789184450207,35.505465554338
72.197420759374,119.829551532061
329.883397001714,875.563357518329
704.255337939856,961.374549885724
661.167992633521,936.463499158716
515.710016774871,867.154188539850
473.602672924603,186.278612992249
953.068217085253,858.199565556252
186.953977422423,302.217081156828
999.544615369588,813.756324877338
766.684919938087,762.726481456102
228.390086094182,794.310606135197
367.486504939663,162.189274499046
508.804746864221,12.905564551325
324.621631419589,177.574787739561
123.323486571034,671.658949392164
606.553607658285,41.984681443501
117.424720997070,154.092393128951
522.024197406376,422.692379662771
785.543816022834,674.900064798820
533.223443410936,344.897331609075
640.271683963134,650.655339550299
833.905927010913,220.884438125408
857.210982893567,772.216543467027
64.673563570739,200.508446131311
178.603013546538,960.807705029846
363.106012466841,177.680831858333
271.505694248058,714.547810523292
103.322385691818,716.733851721660
984.083516683749,662.495018867535
919.910041927660,6.509607973043
16.081261528866,739.309292700219
587.081296861384,198.297229885548
107.303758691806,130.962919965453
998.421838663459,171.075449461046
898.468219647508,287.325146785851
671.030588581777,104.556796547913
677.967600295614,168.429862249971
868.269804306356,952.875705249176
505.502992576133,302.341329606016
213.366964920500,75.182580537623
39.734729161678,531.438134503349
441.482677782978,569.349732581699
341.394405581531,459.136969759243
781.947967048077,795.170992937769
796.944314093426,979.260573090566
826.679629494753,989.662384113710
301.799167127867,275.937729374284
501.713375178255,753.011491761168
411.758103558255,565.474948757046
963.727611688744,783.023016263914
616.031870510110,730.324809417958
907.315543322273,829.487657764329
182.273976018882,460.779199339932
65.439626251218,939.178805646764
275.683701816529,503.223966031937
