809.396636522026,365.918055435399
674.493034671655,80.680998922709
731.940777097755,858.984896836071
60.769653329646,202.127269944752
660.395037467165,533.432381682549
44.743701887012,946.923004453998
218.712584928660,459.011554129981
872.392038921254,454.328845837247
111.342977536688,23.835383578613
767.714894070453,355.235251572200
19.120463397600,4.372715230455
397.676837098967,179.260726153439
254.180655085849,484.457448536332
286.340266130579,666.551558450499
343.820485173413,699.114933939629
948.979728014158,538.807945808408
184.291079484984,644.296181158537
223.412372514087,812.195667516603
666.403505860811,268.895464234579
361.663962767018,501.987096716956
397.983829905427,218.795088704065
826.562137325510,308.327704000325
707.832755807138,848.976762869201
466.265875376599,489.169168459994
893.650650251502,951.955116821142
651.216654445293,957.567213609344
446.853836520016,230.487280511613
656.139020919082,101.107723785193
548.082699301001,714.905274496483
927.671052505164,951.048089614604
954.936911730766,295.488114576211
757.197712896654,223.377404842177
83.944934294686,553.257986222781
456.176759415485,689.459994995892
670.331085433454,860.081843775004
682.170373362358,99.386840749640
201.101503993644,395.154799146624
346.441351124039,201.109295904342
277.644673071357,425.293035446888
129.641107042634,769.482549524952
836.545941420262,271.847939478320
809.787369667500,892.898317129083
143.179357233761,216.793838211596
165.977497939793,743.226671030547
580.653136311065,108.112179787674
121.870707568970,698.727740751433
874.615776566808,611.099318859321
953.068451778553,560.510920497186
882.270813340398,944.766576520970
935.186240942855,421.951509026325
767.924875423399,343.860254977581
27.660805441776,568.140410392826
984.814905524603,123.730199117186
954.749778049987,970.628706712921
603.171334708956,966.821799310608
10.829427105496,994.170050785730
336.309116089786,822.870185635285
542.128279284267,17.040228365075
816.991447455767,417.573520181536
813.876015200795,264.711010982257
323.647422091724,660.981088290938
778.792092341174,751.018621076800
953.958665119345,226.081303792286
324.707057452544,18.462850209389
227.408519783284,294.785756225567
812.168890361471,679.402558206518
406.036691147748,557.975171613236
121.285241150141,148.952100887438
939.251127271968,517.210449459910
706.485342688149,888.597610832263
244.729028759440,35.012951652215
49.855293792184,212.836209747459
198.597052439159,80.848805563653
533.547217952512,81.396543404665
997.638954899484,921.130908093236
160.740038713889,240.415085108564
287.353090422564,445.467417048575
829.684231796842,780.873036110213
183.372957432078,5.844155376680
990.944538059753,404.061527234688
30.001844801098,272.353541722879
446.857472869185,167.362917170740
60.856822565715,457.167480162074
557.582742529272,540.735018316862
274.519084044725,25.315693175808
329.698920151539,613.915885727504
621.895325219777,496.722870114808
558.669099398696,75.149926038269
633.389432389523,317.887912299644
121.997222158923,290.994795161979
558.082261141648,271.851091772557
551.409753433715,992.163923888024
147.679803827172,893.161232298598
46.743935142350,969.753748669471
219.936478125580,383.833307735000
212.463083023280,73.216884915976
162.443033603055,22.983163078431
984.191885383779,383.156275073184
60.305483532963,288.553738971049
369.429544043109,339.737966113141
158.130715575812,652.497121067578
258.559550340377,5.821432268912
222.326821704390,448.562571150487
56.910964389676,448.999348420618
954.883556723544,747.749676818944
959.989943932255,772.326138951778
732.714118530167,476.310930231743
528.102331060284,223.822288577220
724.324952964576,693.233480256182
824.382414219794,366.828317591057
258.765040157160,160.927873913431
721.511547471025,887.241645610487
761.419106827857,803.603081765920
295.080837182890,194.324332154230
873.952770787798,365.809346802613
722.999859457829,981.901214512869
30.039338219953,234.502571117257
704.996823482062,420.801554463507
80.085321017016,917.567959952666
852.644140680782,816.298049825708
386.035987710460,756.281156862732
56.840425548798,675.270368218477
877.781364968634,477.276679657760
887.788604865789,739.077194530530
523.028764592014,485.976329325483
381.621720822835,291.074529649574
636.879286372776,607.511388687969
593.875132856431,141.157440226699
878.697435783471,181.285974035850
471.547966143577,940.951486983781
921.075779614915,963.369007311006
170.906738505839,68.387308908757
934.666740570842,983.618853053246
117.615196729070,823.033516805380
179.704420356667,547.815474436064
26.577927993659,89.722270998692
404.768901223301,944.444973358082
298.614368800025,719.145834814369
752.193830780759,958.591793055435
987.879332732153,957.807102292748
894.130954514080,360.069213643297
36.330499117436,837.202631434926
956.368771829807,773.919729975821
590.114946184659,557.888648715066
537.060426480269,869.057138861130
895.965025378560,433.983034283964
359.123969147398,638.985526959642
777.738715468359,777.063093294651
656.046861656417,833.826704052266
866.019083450541,20.597850737244
904.282865601321,667.190060898553
945.701234206990,507.315527303524
210.246055091540,977.583300168004
328.595459309373,807.575762964729
411.849918231550,817.581045221737
623.387995796442,677.969629181941
344.661379393555,624.795365835874
285.077081596487,399.947288955803
140.461885886284,269.965657301447
90.859136054921,320.595916287031
267.946745672478,597.699863445380
929.101832269966,328.892208498339
737.592410160979,463.614192658978
632.945826196282,963.600045635554
287.380129046521,689.624369014490
725.107528227932,172.757705192455
361.368746767915,893.891068391815
606.660869248552,709.516960098298
216.128142772860,268.642197800236
650.693669529698,857.714062185149
483.466777848334,327.987253950292
431.848146911807,147.903297507178
584.310064450021,570.380756780318
304.978484156431,852.324164771341
38.579231599458,721.626012376093
6.139758805993,798.013283868032
809.993215016692,293.891517009920
866.831997013897,670.886095274312
37.512635999040,402.096713342731
481.997438533108,253.370924550377
343.573494456542,235.958071676846
213.073259061025,673.969042763477
5.028102790435,283.770111162258
201.253813426195,463.338237110142
972.995088059217,287.270488858284
205.797277112918,593.355708387212
62.550103294296,789.129234417081
425.768863772956,771.143069816231
62.327054786502,146.806710058776
628.459955500362,680.006298572130
601.859832924522,773.444565217120
351.168720527341,399.552135986007
195.794206048640,883.491052493020
787.830721789224,174.377510154276
579.043354243277,257.784064071971
929.982815970766,325.960917118907
586.233699213855,665.542220797572
3.152319149972,22.666309893735
456.176609938204,670.916974207091
665.426593601874,957.030673060189
3.146313981720,959.798083323520
199.558670983697,396.483604905333
517.968257595179,680.492124646521
955.333541778237,470.811310673308
73.303635289696,455.950836613256
653.534967437217,132.282155220091
170.635720596702,119.991893637533
264.594568413605,63.237517642184
349.430462736994,399.411738635423
828.077386654936,999.538149895131
553.663227977686,293.714931489133
924.329084870510,270.772194564486
682.598460228294,396.527874627569
254.533607732270,728.183858437055
335.923699865148,370.759893469060
39.527264940942,89.377060204378
987.620479991906,899.653479719517
819.381068328224,527.970195006998
140.595636154500,147.277844053179
639.666848827783,246.691846594192
941.865789915455,631.321236098841
148.004735769933,196.224316212967
687.296611247048,257.796676275718
612.446980408619,630.539844313703
111.923531228698,904.226216273162
