723.045953408247,636.013337245857
964.002296215035,262.646391203266
909.116509858573,818.874255829920
388.062667734231,747.818781422988
278.691217528603,336.750762081742
332.283740191492,224.383072618320
865.771219385884,619.297519748538
876.135518829382,748.218780064375
69.785018105824,401.036266567079
235.929584380554,584.833525737136
53.975516051731,275.180680732611
735.186655288289,912.379465246324
168.529126107241,469.045186080364
476.231748018461,30.583603158917
942.626822522464,310.085153555896
860.610536068443,351.181626796205
122.866651638472,657.499586641769
221.527204866907,142.826674670900
879.516000845313,191.496162868850
561.021880873607,557.984453872956
562.368464649804,698.968184503117
604.836051307129,813.345048617518
227.338048230464,38.367149415511
978.900589656858,110.057312038709
427.031638292265,373.525797085223
62.444687585462,927.589497514678
724.035737477111,107.319809571495
455.313583301666,792.419739492076
19.058715310929,477.459932750013
706.123633979288,37.106309718944
60.482425983144,22.024937575028
676.296953034999,343.998573616078
890.930251291369,369.952190655762
695.794727589307,651.732960846381
318.376481119149,29.931948339996
743.457082807802,387.762432837530
323.525382972620,924.230088535663
837.137425813029,11.143364551901
66.704502067188,468.126595106519
81.128416320940,547.430586737013
367.861925511453,277.869471767184
713.933167629433,995.142358585636
843.046790536896,561.645065625704
242.573779880848,553.928406493996
529.763134240809,240.103675271749
276.472527651648,435.601947271546
40.253139187734,804.486126949339
928.490095335511,480.469692716770
281.243615667027,210.893416513184
250.212861933810,139.311249595308
835.304211066867,759.062972824345
735.817447549205,646.569964356383
288.109445927377,795.456933196411
894.904836346443,998.933142465095
843.746276455751,192.037835471302
697.516343575763,350.020428142568
56.074487665550,433.582379060130
435.433133638020,351.042050173680
459.836286410212,901.894877337416
403.236892510502,781.165580377551
916.314670721407,591.706486669124
56.821732041175,676.607676719873
242.181174078417,621.514835226137
867.115854835161,676.822024346092
220.824509377474,355.946137811243
842.294958000386,175.339765257824
957.247696376294,707.590826363045
220.455076278806,111.631610016193
52.049231209382,880.140806797260
729.035854255654,192.760469413869
969.432347137930,502.951950210614
428.974558419247,485.581654357022
588.689186481608,722.997920676965
951.123742813649,774.124616295546
174.343846101202,452.418183699013
981.234016152256,653.599528583861
187.165856810868,950.503641205085
486.263967152430,691.450377884712
944.925850384072,153.110648004109
113.936009281010,240.527326480878
150.647425403508,394.641029668351
703.721209050625,294.974895043945
656.075241384946,577.384113356447
988.339832186393,147.749478400660
716.743194517350,333.210920288198
455.323023187739,873.288098639791
676.807142043460,620.250392708015
369.384112961566,342.395545732759
94.303146147880,890.018994715985
162.280277990340,520.466855088506
256.223989486366,601.853670828408
716.759888475308,487.238391848650
684.142927243777,924.304157322102
879.816923756600,572.042247276937
646.929415539214,993.623768136311
512.894717436773,393.867424205976
13.169105103978,773.342340219581
367.855694497466,60.559993050173
810.915533376492,231.918572271025
766.803185337936,806.678335133263
639.929896012279,738.693013705347
608.296454773672,697.440207253109
298.065810463784,846.838153233364
173.366983202363,997.654839770917
239.265640677710,935.761290983844
460.290318061688,627.289026387995
221.597565825166,744.214265094271
363.910029570872,864.705846844897
475.918359121079,223.259994163662
276.303348939656,30.709032990848
172.806709060398,722.916113763710
581.537453448351,832.875034361614
473.176234965366,111.750557842691
542.430506280052,811.405734571720
728.191425666170,297.629665561712
228.164981691706,840.210869620522
74.223572723219,195.781700481333
157.742334951275,329.929559637175
177.944238533359,295.641264527427
872.688479609602,974.322896837062
61.959303190823,360.824194050262
446.566069704886,514.427477028434
334.035662114485,508.222833674017
334.696992676932,373.175444458726
690.175081267119,74.707023459268
348.316089587693,132.102131023361
257.073627661754,887.608919670492
412.332949639590,686.539029656006
740.025997610159,146.376897219195
992.752766351350,948.805333662664
156.313583141478,599.489889036375
308.325175459412,90.897203401341
857.116620820076,867.116077886928
641.422689989191,593.217908262584
917.709414354423,615.942767615452
578.883805174341,446.589594448599
141.331279044251,573.377795811412
240.393151762377,185.934709076402
445.024161265471,440.427520686976
728.590515103849,561.263081790582
379.772045880692,344.625171665576
533.366675474743,476.184238457662
736.120397949834,745.118730232282
453.301868235410,705.668445857949
968.015951185329,281.396300189763
450.165333141198,397.433762593712
826.025134141843,680.997731780524
526.139725567089,465.009158645269
642.626399795127,703.032529733788
935.520541292679,75.951734976368
613.540908698111,312.363041791020
777.884626714513,925.688176309490
668.006961686874,51.243645292399
266.063814596570,731.661113720739
659.427986983448,969.253584184858
516.694946324581,571.260894374518
957.122943615907,233.406423020301
916.893446984197,267.327098083691
415.119197299889,761.406581935605
760.130459467679,765.103232614108
721.393944940050,595.227695723847
453.765180749623,380.894636322298
841.271149456594,472.355362551733
271.861469500509,337.217601514715
609.523216211430,988.325132655825
459.967593120704,648.908808821121
811.590566954305,644.239543937572
615.335516396395,605.823264459902
421.661553137378,950.924754560075
115.177870019571,230.182163156078
930.477490541366,689.494334257865
348.698811728822,896.878722717700
418.434798725517,497.262275645173
490.425196943907,880.667296745535
291.673752401988,375.388198318133
505.679550855734,874.996691709224
660.095729236471,174.254187905432
91.668596041172,230.856640035794
707.335473533203,355.066257960578
610.599053559034,573.309555707590
980.454804360541,470.763674219801
645.563631848720,27.697768006738
138.806472502590,925.285269613223
176.585863979966,113.096006802276
502.604859308761,505.652667762655
490.233006414134,939.270787259639
262.818549914811,973.061333968481
428.714223246220,280.220166148104
869.237601245153,356.043156715337
528.154622264244,332.437292939741
512.749579188394,726.145501257448
128.986935091504,33.422104071779
170.458522498462,87.137567606898
940.877064294747,44.178895929179
213.893475590703,257.668044556620
257.063093704433,97.337372192688
616.001036047986,380.567303895484
100.407093270839,557.930538209516
968.165721133926,775.586751830309
39.040882168455,246.604409835701
150.991872047612,951.035452265147
621.354747852727,4.720410327857
879.781004971464,90.135852980487
553.989918024722,837.475135734963
112.682332619542,455.189949758237
459.093060226030,374.493278538483
509.279960750191,564.924403443997
691.457804484112,980.018955851892
613.779800633480,145.344501415188
333.838323698931,997.599539463572
427.148006587938,872.712212503920
965.684805499027,927.830630445101
464.982198252412,122.621197836755
554.404468349211,946.118359405692
521.954605953432,6.953897524255
788.125383651368,273.073186352668
20.173485902158,710.961797479553
171.053807851670,448.017724600548
281.898261661371,950.504042372303
983.316061908785,400.901317220990
561.380301547959,168.194975933189
133.869250501693,745.280737294441
311.647496144911,749.987829476006
538.932458054729,322.904268317876
36.569606188330,882.950479084090
