478.457347843593,413.787208047635
462.998271291992,365.659112589689
951.126839927021,557.917810056104
745.863130814287,718.760909862413
534.318456691280,666.600608884573
265.856789727279,616.327168465604
786.893899243775,336.167220008276
160.141205487161,70.704634698705
197.634313746341,817.294723819313
440.726304350205,539.632492056945
454.150430500342,724.761390534781
434.011464071084,8.481158587169
947.582192974420,97.804188342595
953.213011675586,958.535488549476
250.849610934201,127.527194685688
88.278532112468,14.418546808664
93.298674189980,588.684583652391
754.736250961465,310.091229039006
98.821293691832,257.700764248557
370.626647279212,658.768871106190
771.777452558677,415.623951342372
443.798736042841,410.628560094801
250.832550966453,109.646259063487
847.286080065068,667.617165451956
533.238499172406,978.194320682534
529.631730905594,752.551649587868
265.740621898800,984.242003579237
78.035280627976,269.140205341662
794.763607278194,683.617184216244
577.605601898852,772.775594782393
132.087985629752,670.130100657013
609.733224572733,370.237648722118
412.083586378346,296.535560553753
398.154320152499,24.567557990097
256.534495940240,454.965005310420
368.108154639252,298.275015093666
288.446902762390,726.000800032208
784.661654664582,361.695656839920
411.361431368435,36.137307648677
159.356438821680,415.719317381647
400.177157073479,525.216968554335
622.679941243824,71.625804970546
869.480088551496,540.454383337524
4.690381459799,242.357502088500
470.893388135784,103.759835842542
905.668226857435,91.327412984358
309.713278296488,280.964248217774
308.328243003291,358.943902109827
599.867474467595,154.044852368843
715.253349107852,475.841257249699
932.969917789507,650.757218328654
919.180376732144,739.779137511286
325.693259887443,12.412417815482
73.986659149925,155.322299177534
756.531666814952,61.598287385992
354.180037432687,520.324373437900
636.844151062794,360.507135043266
103.719722147496,711.923268176625
68.308082457651,879.096192971805
250.856159762033,179.818611220054
541.864432326472,308.496871769277
705.964491898337,598.496018789516
971.194231884647,579.866114680691
901.291777954598,741.091333363903
998.208754376374,928.961801162002
953.219750493231,503.256380715717
787.646546221916,951.617666272557
95.064689818177,447.849577561187
850.842178327770,102.247561157563
572.266229435656,532.749297984842
447.062391319540,460.267675746157
678.404732865324,364.964961286800
812.212888137503,449.952637681307
179.765384269692,2.907678625732
700.718694308188,395.311544003152
922.184677751365,241.741994927250
680.688130572236,914.425628306468
345.711308975693,483.556374576810
249.683358225538,192.740674151587
340.956699084256,52.645544742763
166.397966586700,165.504835179310
901.279238626846,449.934850583423
44.717292138654,507.470005553626
404.857195962755,352.980961422445
930.254034114266,450.379774598170
607.780540459406,232.548596423610
932.653974972672,683.749630632792
603.783232063733,691.528863701505
230.746960033515,199.188980141493
159.647544894062,999.015228076644
878.361925878395,380.151417821528
889.584517347063,929.475807661882
732.995571909258,190.931811396456
819.416050668466,91.588233376470
55.159512551776,210.014444236412
969.577910535085,57.721906343046
670.196161465906,281.439484921147
38.601100684383,161.173938895617
308.023775478114,913.035731742026
471.045509441166,135.361270549508
139.424226712491,854.896483434939
845.558844943587,48.054188954474
326.662067776944,760.966625130050
900.370837486613,928.833003900308
299.263921158131,739.304516644995
41.376214615594,957.550371571090
843.263542838119,34.102002878957
429.351440701890,745.676657208415
886.021465829682,566.061498536913
477.613833347260,126.099407493294
907.074517959612,453.207379036382
805.967442607793,729.495775125716
403.229604678172,118.620737612507
62.237205902426,817.278794244395
271.107258366027,405.890984094079
728.341027045374,453.447860972293
192.006594719685,608.293120638693
939.519273214976,975.631287305455
660.498177954839,843.042312737741
292.164970368686,561.529687093146
536.579026982290,472.628258938593
618.839408205495,90.945149286788
540.635474364315,793.236587427838
980.813659729725,129.448294855013
236.264295443653,743.937752847339
744.415858955704,276.518027418235
156.866331032523,325.869398839035
756.272006850824,776.420812703559
461.716140163354,34.716832270171
207.451278378690,97.372303775847
959.214184553491,944.847667014300
810.845559848444,730.077456649419
782.312654592337,803.911805668300
748.286399208841,369.738239540149
812.229813761963,424.565269683855
298.507096033887,351.123958833931
412.546446968257,153.201879902275
536.587328792122,708.543279296021
982.782929767587,179.585889064210
916.705176856992,311.856544079762
981.020430580771,15.940454396329
334.731144277397,81.651959564445
48.947507790542,746.622998103868
56.899091423259,715.116158301048
569.242209056946,882.093693473257
365.803053622841,369.279499354338
527.927521106071,353.771296233039
373.627798332503,641.076011430428
752.886981610323,568.212803497040
211.315113574626,377.204845533382
624.120181383797,776.701276552366
953.159865051800,538.668124713695
41.419466402207,732.119578700716
168.167946855289,344.927305994760
50.241360778502,750.023298199486
457.291989847257,306.004478514411
910.429021429558,636.497269941362
976.278157221586,405.546068296205
120.730302555464,330.804028037758
912.694825288030,378.301670469052
934.334368291672,136.664448638029
93.637176201803,965.808297015756
873.057211189507,768.740124511054
149.609153652262,790.890619742044
24.943492884805,248.317637399321
702.231285410027,128.373587434577
41.259806040218,393.741149198767
903.763363133832,589.887838041566
858.583458137084,741.067787199770
320.157434696505,599.938180248053
848.810346925760,855.540961248921
992.683847546168,472.669676019645
253.727352427153,304.748158992179
378.336594368800,879.759595959912
563.211568432862,35.344872472746
675.821366387150,607.244557074008
253.682566985016,919.242917607195
828.071481371035,26.383166780625
999.578182565109,687.910702099424
930.169460008677,864.102545365069
319.988337475242,884.007932821673
486.100839010667,529.134621159174
231.785643196528,862.352717288156
642.862374595221,69.368703856294
921.890591213769,800.482292776070
236.794793571652,621.697511596857
359.889693524934,342.145277924421
718.083294658299,906.402076485481
272.491543944516,92.190706910488
410.647367456614,425.030732389165
405.054539034922,544.343169830595
691.896241138321,898.206418805508
597.050125754072,93.402977433945
465.464372145149,648.986684388768
837.499058153435,258.139560160467
169.784205806236,90.629280277270
195.898177276091,600.441805294691
487.313483925817,943.468634328217
360.373794557003,392.675212043441
319.584788864859,229.732927816093
982.932060596037,43.218103933466
444.800202855478,379.557002090816
546.497362123675,840.089171831158
149.992395704244,900.280509204219
263.087483756756,243.829608363229
307.089331064974,633.088534623947
581.176566631702,769.795614089232
104.446283477551,551.527815106741
435.917257021831,445.869225016981
140.964242937174,708.972081650559
557.736912511587,150.854436302959
4.835136934581,581.763590920443
884.867006692183,215.580483395779
114.975606537174,442.762356040666
120.741562478767,532.850874549007
609.859699115813,159.172083974768
263.830266165709,791.899014197987
177.984465384104,399.927818259454
868.744669412005,791.436949190424
164.070360159184,507.365156321775
505.308021349848,708.343323165414
124.302757637336,24.924450131200
44.314173566491,575.507523889086
610.958065157588,706.217064730159
182.704287814557,239.450592036760
304.409655816203,926.674292829878
18.381684511758,500.965175032792
408.671526472009,662.707708972321
469.587711075843,687.378119671403
384.196180829966,638.759110323595
52.859973859711,469.541039705401
352.868252526176,955.155102226944
310.347998177722,277.235611496728
925.847147958401,187.417106698909
670.562084176790,705.568716106539
169.434637353384,973.871578128377
404.897613501806,134.743836248926
721.184057883519,918.475337569339
235.033536769211,270.970022390076
861.672897876232,292.407692368329
324.604141413621,506.947786883716
630.700720983034,687.255318730396
788.616732701725,877.486917543523
688.785534647152,904.039890514756
8.203521302513,582.456593669712
893.060723961478,413.887618363049
425.628967939603,202.262649329060
18.849672032691,696.901292762596
740.199697660640,222.554102607829
835.587267717848,517.250861643855
153.822342398355,630.648266797615
186.352581894337,561.076438451162
424.119101887749,188.928563682628
904.944938427896,737.917239425421
896.028652408617,638.496799815291
243.654489442737,211.581589656177
817.873978781930,707.402467061699
498.763557230779,810.996350060972
280.250231104914,197.587335737926
596.579645315317,757.494255564829
313.865682641990,69.043351188539
906.580112075588,773.560288571878
247.612319305391,853.399052402704
829.842966889808,883.944836179848
947.489202506317,158.789552754775
259.564310076967,78.153409589061
766.773299195070,2.804580047576
687.158720784125,602.515379740670
491.129259382115,48.750378224086
422.541976880452,500.549854038835
287.815187327927,302.154510013791
392.508377703312,119.751649654550
72.919669832869,740.819936639291
531.465310031731,292.729916257742
46.443079286292,899.880177614996
601.696526434477,519.112503848830
314.397291605043,470.552348269822
406.807484248643,316.370568192815
542.478037726933,762.123182770242
388.799655919505,276.308061897773
814.127941461888,515.011492679452
807.691751280773,57.584153017379
635.466933058836,707.115458808843
495.446575352197,573.132669602427
835.011140835080,36.720596635222
603.345137204926,586.206983991678
169.965401839652,859.799428106817
50.291533223502,956.155065884873
208.161235623420,547.003251448431
254.566661769027,670.222434542670
52.253524975091,902.548227396335
127.881518937497,215.953541202083
240.635041159598,261.267527785070
514.471200762785,346.606433879151
52.501798588870,685.111049912660
400.770475706146,828.441105390841
87.331262455532,186.844162611194
247.859470675413,648.048656711849
35.701827012463,315.637678758390
604.972006248817,752.402263111358
774.102625440188,204.039681339696
114.770413579477,236.605086646475
862.089211660101,254.027856243261
383.493859499396,397.155725305991
614.976542516407,564.879213575012
542.970161172048,942.128061541039
681.474096781251,346.263118792029
938.123529108636,277.236731412178
199.286554346700,675.365382217802
395.680757542513,771.667641938401
450.397430146734,645.475122206571
14.176582207142,441.213319490750
560.192603971824,441.578134859039
87.603451037202,53.939431025507
288.003883302400,510.428206336002
180.173012771641,823.336244619903
815.653182486040,123.728774193578
94.502418454854,767.610782213286
63.915202229834,654.717481504482
414.118642717758,243.072338998096
362.542717114297,223.729439437325
195.014943499842,415.486399648052
130.446357450644,538.391104197444
381.251790863549,543.696501312981
541.138265178716,868.092088858400
